{"0001": {"mocap_lag": 62, "mocap_len": 1415, "video_len": 1482, "matrix": {"0": [[-0.24183288826683302, 0.14856940504910296, 0.958876418541971, 0.6048161288367443], [-0.15943357885301856, 0.9686933101620192, -0.19030030158007613, -0.7247015915923765], [-0.9571299745001409, -0.1988979706550697, -0.21057494908619798, 2.664835952626452], [0.0, 0.0, 0.0, 1.0]], "1": [[-0.5655841045871718, 0.10304537132374934, 0.8182275185344708, 0.41322883051245685], [-0.12425914062379888, 0.9701879319579553, -0.2080746083850251, -1.0308060895787419], [-0.8152755893621263, -0.21935593935860748, -0.5359185434917707, 1.9340049824708285], [0.0, 0.0, 0.0, 1.0]], "2": [[0.48127826392523365, 0.17810719838500916, 0.8582826216093137, 1.0254256014326528], [-0.31534335294179683, 0.9487656765044791, -0.02005644141973133, -0.8283116980665997], [-0.8178812887140396, -0.2610009903629506, 0.5127852187817243, 2.9423870026784082], [0.0, 0.0, 0.0, 1.0]], "3": [[0.34665495573862365, 0.19485427628831126, 0.9175304641667281, 0.19591088794735567], [-0.236375925462541, 0.9647631294730827, -0.1155790892464152, -0.5077611457538438], [-0.9077206417855558, -0.17681604854045865, 0.38049877983373087, 3.2220943081132303], [0.0, 0.0, 0.0, 1.0]]}, "object_id": "116"}, "0002": {"mocap_lag": 48, "mocap_len": 1164, "video_len": 1215, "matrix": {"0": [[-0.41808624400102196, 0.038510995362524385, 0.907590654322369, 0.5573581702494694], [-0.1932604951420246, 0.9724581869515447, -0.13028989081419665, -0.6107180488376277], [-0.8876115555774259, -0.22987383032242617, -0.39912873679844113, 2.7351095245826094], [0.0, 0.0, 0.0, 1.0]], "1": [[-0.5796127533837147, -0.056365953819617336, 0.8129403024607367, 0.5553687436924852], [-0.2174851407980601, 0.9721192596008533, -0.08766047367620623, -0.9282324016751655], [-0.7853338587167862, -0.22761156465147747, -0.5757114780772655, 1.867590496755357], [0.0, 0.0, 0.0, 1.0]], "2": [[0.4468230109021777, -0.056347359434383244, 0.8928461076877053, 1.0896017376450131], [-0.2753605129700186, 0.940901253834174, 0.19718371745701518, -0.5573159098980051], [-0.8511908040064817, -0.3339607845511986, 0.40490049340146195, 2.873846646471931], [0.0, 0.0, 0.0, 1.0]], "3": [[0.26310307257793686, -0.1332790470366587, 0.9555173827937663, 0.3757317209809366], [-0.24716348407741037, 0.9480467255409984, 0.2002938299841177, -0.29156320935556523], [-0.9325700967427405, -0.2888669275150609, 0.21649229281719118, 3.0623275843456406], [0.0, 0.0, 0.0, 1.0]]}, "object_id": "116"}, "0003": {"mocap_lag": 73, "mocap_len": 972, "video_len": 1051, "matrix": {"0": [[-0.16703577302401973, 0.0851106507576769, 0.9822704452735372, 0.7202366605381327], [-0.0692882033573744, 0.992790705265566, -0.0978047054788629, -0.797441194488311], [-0.9835131902551053, -0.08439663894910063, -0.15993439882751906, 2.6515781058042887], [0.0, 0.0, 0.0, 1.0]], "1": [[-0.3136341072334871, -0.036965749512843926, 0.9488241039006162, 0.5534522774120847], [-0.23206220758902646, 0.9719250965807678, -0.03884248248211196, -0.8528145057462924], [-0.920750117343876, -0.23236854348086644, -0.3134072134010635, 2.136870919053639], [0.0, 0.0, 0.0, 1.0]], "2": [[0.5123830045823277, 0.24023640491753487, 0.8244696030585265, 0.942747404436482], [-0.4342459372531517, 0.9007639282044871, 0.0074034873372561165, -0.6481251905486431], [-0.7408738911544376, -0.36181599660313374, 0.5658578107685379, 3.079432048954788], [0.0, 0.0, 0.0, 1.0]], "3": [[0.3701278258815899, 0.025699682535755365, 0.928625284399326, 0.36593031470133414], [-0.1219764717355418, 0.9923075199030286, 0.02115481710746244, -0.557189195559789], [-0.9209381807977755, -0.12110042221835153, 0.3704153815480956, 3.1985746675849387], [0.0, 0.0, 0.0, 1.0]]}, "object_id": "116"}, "0004": {"mocap_lag": 33, "mocap_len": 1122, "video_len": 1147, "matrix": {"0": [[-0.35267109785503986, 0.13223168587479533, 0.9263573165838489, 0.5947428394249519], [-0.3255813944070408, 0.9107700659671883, -0.2539579543036422, -0.71150650353144], [-0.8772798027731442, -0.39116833740581963, -0.2781501023862458, 2.739572742349361], [0.0, 0.0, 0.0, 1.0]], "1": [[-0.6264759287988975, 0.004007512205003493, 0.7794304654563388, 0.35245248191363476], [-0.218241948310808, 0.9590859746697297, -0.18034562703131235, -1.0225190331034888], [-0.7482635649509205, -0.2830866175532525, -0.599969669507716, 1.9138480235583737], [0.0, 0.0, 0.0, 1.0]], "2": [[0.4467668134557743, 0.2875162559779764, 0.8471917238399935, 0.8038151555309068], [-0.5321803220761988, 0.846604745212759, -0.006671594870274544, -0.6620755252273242], [-0.7191547254864189, -0.4478781172725968, 0.5312453979837441, 2.836113151783449], [0.0, 0.0, 0.0, 1.0]], "3": [[0.2022324463598607, 0.09772848261635442, 0.9744491681585093, 0.230247983578439], [-0.37854654618102007, 0.9254724802040137, -0.014254850383338864, -0.45545962530724565], [-0.9032189933862809, -0.3659915737698549, 0.22415534326831799, 3.0113893488953627], [0.0, 0.0, 0.0, 1.0]]}, "object_id": "116"}, "0005": {"mocap_lag": 105, "mocap_len": 1349, "video_len": 1461, "matrix": {"0": [[-0.290474595905493, 0.03728707731532776, 0.9561559407329018, 0.7363586894200431], [-0.17800139655073552, 0.9796937091706378, -0.09228076201172956, -0.7290387546166506], [-0.9401808400300061, -0.1970023098259468, -0.27793898244707105, 2.556552517866048], [0.0, 0.0, 0.0, 1.0]], "1": [[-0.43503405643348925, 0.12678336205513754, 0.8914434075413978, 0.3170231962670643], [-0.21523085354357535, 0.9466947404939077, -0.23967634010072064, -1.0167620916129956], [-0.8743117575704484, -0.29613349595607785, -0.38455676193106303, 2.2491048553655504], [0.0, 0.0, 0.0, 1.0]], "2": [[0.36870250089675227, 0.2207776722531759, 0.9029483292342646, 1.039203713521443], [-0.2115050886878184, 0.9658307104402108, -0.14978863852013743, -0.9091381101303864], [-0.9051652132575795, -0.13575072082691603, 0.40279979953239103, 2.6982843434551267], [0.0, 0.0, 0.0, 1.0]], "3": [[0.09618251485194386, 0.06438343924900615, 0.9932792641484192, 0.3032141516732092], [-0.317076683003523, 0.9479016407090699, -0.030738520402528068, -0.4915392270497095], [-0.9435100958295248, -0.31198918617721766, 0.11158605099311537, 2.9427704242826644], [0.0, 0.0, 0.0, 1.0]]}, "object_id": "116"}, "0006": {"mocap_lag": 111, "mocap_len": 1441, "video_len": 1561, "matrix": {"0": [[-0.31659942428991833, 0.018518940385371743, 0.9483785390793571, 0.7096716849542762], [-0.24255604425293445, 0.9649887377842542, -0.09981633807107847, -0.6387687364366783], [-0.9170231021820882, -0.2616367420614973, -0.30102299790511816, 2.64286178635168], [0.0, 0.0, 0.0, 1.0]], "1": [[-0.37437838013515595, -0.08835944335701587, 0.9230565731616972, 0.40674023948274163], [-0.25628466344573747, 0.9665338392146442, -0.011424050748540311, -0.8384244231423432], [-0.8911559907052649, -0.24084216080794152, -0.3844945432739971, 2.2336375598255023], [0.0, 0.0, 0.0, 1.0]], "2": [[0.23006679484684994, 0.15452239216900976, 0.9608288610503246, 1.162000442690165], [-0.3857829908197706, 0.9209049521763316, -0.055727489188559805, -0.7128071764613776], [-0.8934432012741771, -0.3578503868594737, 0.2714817613053869, 2.818093709582053], [0.0, 0.0, 0.0, 1.0]], "3": [[0.2139794541070364, -0.07770341724582241, 0.9737427648862798, 0.43145650595080226], [-0.24633344359484757, 0.9603231541929305, 0.1307641926815037, -0.321254946633333], [-0.9452685479728811, -0.26784625901674064, 0.18634847395129936, 3.106026241089982], [0.0, 0.0, 0.0, 1.0]]}, "object_id": "116"}, "0007": {"mocap_lag": 61, "mocap_len": 1108, "video_len": 1172, "matrix": {"0": [[-0.22830824651848222, 0.0057215721759863334, 0.9735720867935209, 0.7550130444187189], [-0.15497642087818242, 0.9870188640043116, -0.04214345822814309, -0.6802044451253803], [-0.9611751419712457, -0.16050241652845512, -0.2244578373438583, 2.653100561832353], [0.0, 0.0, 0.0, 1.0]], "1": [[-0.594157666892242, -0.07138828414603998, 0.8011743753764544, 0.5768715444963651], [-0.20189908586496874, 0.9774011939118552, -0.0626391671924948, -0.906641075444066], [-0.7785970883583225, -0.1989739154421094, -0.595143642302914, 1.8783902292963213], [0.0, 0.0, 0.0, 1.0]], "2": [[0.2024192594569, 0.2113120671846621, 0.9562288709629437, 1.1229210363775297], [-0.2993520252060744, 0.9430556148509898, -0.1450326594358836, -0.842437071183958], [-0.9324241569189116, -0.25689164556319877, 0.2541493144470192, 2.794375394678923], [0.0, 0.0, 0.0, 1.0]], "3": [[0.36321731081870956, 0.0038404592212214076, 0.9316965364294293, 0.3450572954325441], [-0.1916820880034753, 0.9789079240340204, 0.0706912540703033, -0.4552739206835173], [-0.9117736354272656, -0.20426582469021654, 0.3562924509491786, 3.1875830653237283], [0.0, 0.0, 0.0, 1.0]]}, "object_id": "116"}, "0008": {"mocap_lag": 34, "mocap_len": 1215, "video_len": 1243, "matrix": {"0": [[-0.22763721693241454, 0.10963613328039194, 0.9675542443432246, 0.5934184086225468], [-0.07099479642842657, 0.9891281464691702, -0.12878372856285003, -0.7872128948150313], [-0.9711544863446551, -0.0980072861668339, -0.21737878348831882, 2.6603801491348458], [0.0, 0.0, 0.0, 1.0]], "1": [[-0.5874027135926397, -0.13752971849427745, 0.7975234345114183, 0.5235139293514876], [-0.2816919043039154, 0.9585776646001155, -0.04217264491851227, -0.7782579587259455], [-0.7586881593340162, -0.24942822105903317, -0.6018121296764373, 1.908535004620746], [0.0, 0.0, 0.0, 1.0]], "2": [[0.32091956860000864, 0.2181310680746661, 0.9216449791704991, 1.0847305530206004], [-0.23949975457070533, 0.960179721275556, -0.1438567704759403, -0.8523381493285274], [-0.9163244502086346, -0.1745672935913283, 0.36038279919835636, 2.8950000004695555], [0.0, 0.0, 0.0, 1.0]], "3": [[0.3009147632834945, 0.22840260721928657, 0.9258955417613106, 0.2084775070226509], [-0.2831758583660517, 0.9485052047411996, -0.14194826458081605, -0.5272614938679636], [-0.9106380941277868, -0.21947693636072046, 0.3500973235102262, 3.1272461751460905], [0.0, 0.0, 0.0, 1.0]]}, "object_id": "116"}, "0009": {"mocap_lag": 32, "mocap_len": 1325, "video_len": 1372, "matrix": {"0": [[-0.15566984831628677, 0.07428006814736116, 0.9850123703797875, 0.6915601670926063], [-0.16586278110368477, 0.9810457539847349, -0.10019364467406736, -0.7460902375098709], [-0.9737845943378521, -0.17897402064139262, -0.14039894503064812, 2.736852584254946], [0.0, 0.0, 0.0, 1.0]], "1": [[-0.6611154307717968, -0.03711416543114174, 0.7493656823739473, 0.5065751243677225], [-0.14210166892670498, 0.986892401713848, -0.07648858168197048, -0.9217129121371622], [-0.7367044881658228, -0.15705389572953646, -0.6577237801330507, 1.7826704955114598], [0.0, 0.0, 0.0, 1.0]], "2": [[0.21959070032829833, 0.14064899432256606, 0.9654003235577345, 0.8382632413105078], [-0.21712920158935972, 0.9717797624188516, -0.09219003834649049, -0.7297272753747586], [-0.9511229332460104, -0.18937252638440194, 0.24393280243602813, 2.708782438789802], [0.0, 0.0, 0.0, 1.0]], "3": [[0.16172847335306206, 0.10528192687315621, 0.9812031475595473, 0.37282301331165757], [-0.18518250569481312, 0.9798673154292358, -0.0746155730266419, -0.5884122647804514], [-0.9693045653928793, -0.16963419474675198, 0.1779688160356827, 3.0240653126874464], [0.0, 0.0, 0.0, 1.0]]}, "object_id": "116"}, "0010": {"mocap_lag": 52, "mocap_len": 1159, "video_len": 1217, "matrix": {"0": [[-0.26279762983872884, -0.15442473417843863, 0.9524129394464691, 0.8311492640169635], [-0.28008981406958905, 0.9568116672745777, 0.07785325569110939, -0.5189171353175589], [-0.9233022808406839, -0.24630151205618064, -0.29470063344558617, 2.6334041873168883], [0.0, 0.0, 0.0, 1.0]], "1": [[-0.46052958355481066, -0.20411646012455797, 0.8638570329499276, 0.7057018193144491], [-0.3099223702925718, 0.9489297362368976, 0.058995593713482244, -0.7569617970180456], [-0.8317815981753066, -0.24055940304131118, -0.5002704733894867, 2.0169836046179275], [0.0, 0.0, 0.0, 1.0]], "2": [[0.2677144752237617, 0.025299449995884675, 0.9631660799600306, 1.2653396549283562], [-0.2142304993956927, 0.9761945478086217, 0.03390424689318134, -0.8352779026575247], [-0.9393797170922619, -0.21541620797569405, 0.2667613248899371, 2.790251682726256], [0.0, 0.0, 0.0, 1.0]], "3": [[0.19161828639299655, -0.11025944857799436, 0.9752565233409558, 0.45964402155000383], [-0.21853320217847388, 0.9639318535123318, 0.1519164945945718, -0.3753594011570372], [-0.9568310571179395, -0.24223590936018796, 0.16061161960147652, 3.0007160352814917], [0.0, 0.0, 0.0, 1.0]]}, "object_id": "116"}, "0011": {"mocap_lag": 75, "mocap_len": 1069, "video_len": 1137, "matrix": {"0": [[-0.23774253555954586, -0.08495507962170006, 0.967605870813209, 0.7811738134996074], [-0.25684688314946713, 0.9662079076582956, 0.02172458963900147, -0.5137657956501829], [-0.9367540581188437, -0.24336169301073152, -0.2515291652529151, 2.695838108045058], [0.0, 0.0, 0.0, 1.0]], "1": [[-0.6167758274551809, -0.18215209715860955, 0.7657729377352649, 0.6110024506290047], [-0.3311436931598451, 0.9426230020780573, -0.04249388701695659, -0.8105210721882957], [-0.7140948348415886, -0.27979008105019, -0.641705600254893, 1.884329672262076], [0.0, 0.0, 0.0, 1.0]], "2": [[0.4514040765538678, 0.15738945874837015, 0.8783296180509025, 0.9803721132086795], [-0.32293414643721574, 0.9464145040668889, -0.003622644985550109, -0.6928466454533623], [-0.8318340560084185, -0.28200734878140876, 0.4780417957646211, 2.9107284745000825], [0.0, 0.0, 0.0, 1.0]], "3": [[0.3611751923503975, -0.014231850352992008, 0.9323893687007504, 0.37839997072726234], [-0.23132714873805382, 0.9672611803216865, 0.10437221516965346, -0.3799516701496898], [-0.9033494510361846, -0.25338362906515566, 0.346058529492333, 3.21468130568878], [0.0, 0.0, 0.0, 1.0]]}, "object_id": "116"}, "0012": {"mocap_lag": 37, "mocap_len": 1215, "video_len": 1251, "matrix": {"0": [[-0.0938098473089528, 0.06422260351235015, 0.9935165674239994, 0.6148922116873206], [-0.16957156704668677, 0.9823053363018623, -0.07950918137055893, -0.7082400177340402], [-0.9810429125156565, -0.17593090538896505, -0.08125958609184025, 2.8122920448189146], [0.0, 0.0, 0.0, 1.0]], "1": [[-0.3784186278617751, 0.04107737252182559, 0.9247226565592047, 0.44398926175159215], [-0.2157926616592535, 0.9675726834882508, -0.13128834427076827, -0.9395291181726431], [-0.9001293625147584, -0.24923031844871538, -0.3572833316917067, 2.183008181313483], [0.0, 0.0, 0.0, 1.0]], "2": [[0.19626285323361645, 0.09109272327202154, 0.9763109177959072, 1.053829496482396], [-0.19437666977159387, 0.9795307428542946, -0.052318582280282244, -0.749816570710465], [-0.9610924007030252, -0.17950387062735101, 0.20995179861266894, 2.762976378533205], [0.0, 0.0, 0.0, 1.0]], "3": [[0.31065196227612113, 0.07853663381327129, 0.9472736434015653, 0.2616964936946245], [-0.253693664663139, 0.9672799562306312, 0.003001796837724059, -0.47930398514556005], [-0.9160430573088703, -0.24124983611133988, 0.3204116629158017, 3.202727424904262], [0.0, 0.0, 0.0, 1.0]]}, "object_id": "116"}, "0013": {"mocap_lag": 45, "mocap_len": 1652, "video_len": 1697, "matrix": {"0": [[-0.23084530390541236, -0.03033891695928801, 0.972517349861973, 0.5662169313228786], [-0.15755723494276583, 0.9874878464880211, -0.006593235597147165, -0.7020166527905551], [-0.9601490318601631, -0.15474916205326228, -0.23273704789269198, 2.569944370427088], [0.0, 0.0, 0.0, 1.0]], "1": [[-0.6309593726787699, -0.051763034096965393, 0.7740871128819351, 0.4896046758758238], [-0.11216800655654012, 0.9933746833205551, -0.02500153681115662, -0.8794748153765757], [-0.767664385219182, -0.1026027623354458, -0.6325852233708844, 1.7524105759539097], [0.0, 0.0, 0.0, 1.0]], "2": [[0.41428507916891333, 0.04768079022093704, 0.9088973624243353, 1.1964478180957032], [-0.21428580232444167, 0.9756639994713764, 0.04649037596845082, -0.8003858973352199], [-0.8845617378680681, -0.21402406962634982, 0.41442035365121505, 2.8929723904123965], [0.0, 0.0, 0.0, 1.0]], "3": [[0.30689495153578783, -0.058128424996662105, 0.9499666177973064, 0.47195007628909896], [-0.21969248136636652, 0.9668505910205429, 0.13013511545434261, -0.3907558387003637], [-0.9260403351652319, -0.24863833342956965, 0.28395118734816216, 3.15662345228123], [0.0, 0.0, 0.0, 1.0]]}, "object_id": "116"}, "0014": {"mocap_lag": 34, "mocap_len": 1447, "video_len": 1482, "matrix": {"0": [[-0.18238456001567582, -0.017897377677825798, 0.9830643702932913, 0.7493215462113664], [-0.16514785616836825, 0.986187240974505, -0.01268508344810187, -0.632656468693775], [-0.9692585093105347, -0.16466453659288838, -0.18282103959273704, 2.7364388704472953], [0.0, 0.0, 0.0, 1.0]], "1": [[-0.47765190337154534, -0.18037779056252995, 0.8598328394969109, 0.6391948224024518], [-0.2934939641182129, 0.9552310149910014, 0.03734971252150089, -0.6626207357887521], [-0.8280760546180029, -0.23451558726669203, -0.509207705261067, 1.972821481000955], [0.0, 0.0, 0.0, 1.0]], "2": [[0.3200211975465616, 0.009572358940890506, 0.9473620232335533, -7600888.710675516], [-0.2014888505434951, 0.9777611550057737, 0.05818390557908813, -0.84508436865191], [-0.9257368288166602, -0.20950296825124423, 0.3148330193394466, 2.5796209379247736], [0.0, 0.0, 0.0, 1.0]], "3": [[0.35046875920692705, -0.017170126693483112, 0.9364170201193952, 0.40515646056094134], [-0.1597332196999208, 0.9840875347012078, 0.0778268756278734, -0.4607108915888684], [-0.9228526140962345, -0.17685279413972882, 0.3421492976183302, 3.217809037083822], [0.0, 0.0, 0.0, 1.0]]}, "object_id": "116"}, "0015": {"mocap_lag": 38, "mocap_len": 1385, "video_len": 1425, "matrix": {"0": [[-0.21194151390794191, -0.13342299019641016, 0.9681317577527644, 0.85653678622136], [-0.1410683790898999, 0.9844385253289618, 0.10478789180572354, -0.6116210056680847], [-0.9670473137873645, -0.1143638733831117, -0.22746515636785697, 2.5919489240829074], [0.0, 0.0, 0.0, 1.0]], "1": [[-0.6014177623058667, -0.05133771230631738, 0.7972835847288957, 0.5639199257629076], [-0.14767047555560442, 0.9878817138198976, -0.04778232046943628, -0.9527896835982462], [-0.7851688390608643, -0.1464723823641035, -0.6017106741386582, 1.7903454649260806], [0.0, 0.0, 0.0, 1.0]], "2": [[0.23711701110228944, -0.013557056641777325, 0.9713864983934704, 1.342828435815076], [-0.1323021936968232, 0.990136170701998, 0.04611391341657517, -0.8755006761428795], [-0.9624300767270965, -0.13945095798449994, 0.23298450104734514, 2.86203000846598], [0.0, 0.0, 0.0, 1.0]], "3": [[0.2963458752532562, -0.17000395834738577, 0.9398285888217073, 0.5381406241782039], [-0.09342681793806273, 0.9741511955637033, 0.20567177218027707, -0.4134240274309531], [-0.9505001588165828, -0.1487551758024848, 0.2728027598130603, 3.1175980694963847], [0.0, 0.0, 0.0, 1.0]]}, "object_id": "116"}, "0016": {"mocap_lag": 61, "mocap_len": 949, "video_len": 1003, "matrix": {"0": [[-0.3156634128523944, -0.16506451619550314, 0.9344037217817173, 0.6398066696485201], [-0.47650396494655267, 0.8791540403065888, -0.005669638684760269, -0.5506211815914267], [-0.8205489511154064, -0.44703677578667456, -0.3561706612252909, 2.655933447273926], [0.0, 0.0, 0.0, 1.0]], "1": [[-0.7219467351157558, -0.1270109651309139, 0.6801919776005989, 0.5463603768967082], [-0.1538524490558429, 0.9878671168690469, 0.02116561665426688, -0.8923587732407064], [-0.6746275532286087, -0.08936875374172992, -0.7327283877941608, 1.685585643729413], [0.0, 0.0, 0.0, 1.0]], "2": [[0.2958306725999793, 0.06932817621450015, 0.9527212693814572, 1.1704204907739646], [-0.30429583005534827, 0.9522443593552391, 0.025193806521799054, -0.7521387961057193], [-0.9054768141481979, -0.2973622102065134, 0.3027993642350117, 2.9628289525807254], [0.0, 0.0, 0.0, 1.0]], "3": [[0.22438702779871214, 0.04108449274327106, 0.9736336714656532, 0.39543772173713404], [-0.3537130017944621, 0.9344065777463918, 0.04208871375827303, -0.42629782764594065], [-0.9080405134779009, -0.3538310499663687, 0.2242008339915044, 3.2264342938012103], [0.0, 0.0, 0.0, 1.0]]}, "object_id": "116"}, "0017": {"mocap_lag": 52, "mocap_len": 1129, "video_len": 1198, "matrix": {"0": [[-0.24850124052161363, -0.07560245299309566, 0.9656766552840795, 0.7654771903141547], [-0.11189829616444948, 0.9925153584034139, 0.0489084312653338, -0.6894442667150504], [-0.9621465089967917, -0.09590376653067136, -0.2551010834757825, 2.5503916778235287], [0.0, 0.0, 0.0, 1.0]], "1": [[-0.639548692288192, -0.14954149982659934, 0.7540655210404957, 0.5938668444584655], [-0.23891552896058219, 0.9709881157405174, -0.010072195002313683, -0.9101371866168568], [-0.7306824482728106, -0.18659962197252866, -0.6567219661818544, 1.8432263683625856], [0.0, 0.0, 0.0, 1.0]], "2": [[0.4656719215683247, 0.11100434571001348, 0.8779679360297593, 1.0085271334423003], [-0.43273217917806994, 0.8939643133300983, 0.1164932083687447, -0.5583640108959793], [-0.7719407506840547, -0.43417259439736317, 0.46432923201926496, 3.0373728055639555], [0.0, 0.0, 0.0, 1.0]], "3": [[0.3838020647694225, -0.018337745137865544, 0.9232332869768, 0.32643526120631494], [-0.2573491279703723, 0.9580668084510184, 0.12601355830770197, -0.3873857350538642], [-0.8868299732257682, -0.28595754518413763, 0.36298881655037907, 3.1883564119677468], [0.0, 0.0, 0.0, 1.0]]}, "object_id": "116"}, "0018": {"mocap_lag": 53, "mocap_len": 976, "video_len": 1024, "matrix": {"0": [[-0.21650088405312615, -0.244083679272283, 0.945278014510609, 0.8675051304492655], [-0.36649718707066226, 0.9177473726812969, 0.1530345444854478, -0.3599540299898636], [-0.9048796489442705, -0.313309619146112, -0.28814909938608435, 2.6079975344247854], [0.0, 0.0, 0.0, 1.0]], "1": [[-0.5701703273841966, -0.2951020343864288, 0.7666945852629904, 0.5275097080719329], [-0.4063250876014662, 0.9124129230623071, 0.049016130146691456, -0.6724549354438888], [-0.7140068073598868, -0.28357970154770895, -0.640138135025444, 1.8636869402945746], [0.0, 0.0, 0.0, 1.0]], "2": [[0.5427910236251801, 0.06933589803219452, 0.8370008589696896, 1.1189723601095924], [-0.2148323991903307, 0.9748937786901322, 0.05855903456685516, -0.7587766813462362], [-0.8119266869182558, -0.21160022097187142, 0.544059189385309, 3.0366083749120927], [0.0, 0.0, 0.0, 1.0]], "3": [[0.3455198596220358, -0.09425763150392462, 0.9336656390325392, 0.44922074277790836], [-0.27573187265812665, 0.9408267622702878, 0.19702014566142723, -0.23552091378388207], [-0.896988272502607, -0.3255157481586375, 0.2990844975813875, 3.1630983959301036], [0.0, 0.0, 0.0, 1.0]]}, "object_id": "116"}, "0073": {"mocap_lag": 51, "mocap_len": 1471, "video_len": 1529, "matrix": {"0": [[-0.1853119343319366, 0.011916779192841639, 0.9826074889638409, 0.31134875189863837], [-0.15578949000958725, 0.9869244296093089, -0.04134978890989605, -0.717697399291801], [-0.9702520918795839, -0.16074252895238803, -0.18103236613733484, 2.222197628732022], [0.0, 0.0, 0.0, 1.0]], "1": [[-0.8673474225047703, -0.09894385567237436, 0.48776896385380575, 0.8633060590564526], [-0.20851431359845246, 0.9621237880188321, -0.17561206551048483, -1.0742365013710409], [-0.4519183883168476, -0.25402348307386274, -0.85512679781897, 1.3802943486005623], [0.0, 0.0, 0.0, 1.0]], "2": [[0.6984611919947448, 0.009823642474089034, 0.7155805051325963, 0.9581862197130164], [-0.14722014010609985, 0.9804919042097888, 0.13023769088172005, -0.811599329394381], [-0.7003414835809892, -0.19631383503870395, 0.686281782176954, 2.7125368797316507], [0.0, 0.0, 0.0, 1.0]], "3": [[0.3145453410110922, -0.003859620871733588, 0.9492346031276685, 0.47386528375620995], [-0.18668620201132483, 0.980210384487372, 0.0658472787722096, -0.5927380545955752], [-0.9307037608319857, -0.19792095763168885, 0.30760007168944664, 2.5799705171857434], [0.0, 0.0, 0.0, 1.0]]}, "object_id": "24"}, "0074": {"mocap_lag": 39, "mocap_len": 1311, "video_len": 1356, "matrix": {"0": [[-0.13124295079877388, 0.008410075583364438, 0.9913145608202845, 0.31554837225897386], [-0.14215693689367195, 0.9894699337423267, -0.02721498691833626, -0.7031846159324281], [-0.9811048329096334, -0.14449401665341946, -0.12866540324703474, 2.294230877047147], [0.0, 0.0, 0.0, 1.0]], "1": [[-0.9041801827986964, -0.03613864012748461, 0.4256197783513494, 0.7474748435637208], [-0.10662682639437375, 0.9839666879558449, -0.14296949634894118, -1.0447368300026911], [-0.4136289604551158, -0.17465267155970493, -0.8935365282907454, 1.293532748305631], [0.0, 0.0, 0.0, 1.0]], "2": [[0.5388523593570294, 0.02618764235375398, 0.8419930772894256, 1.0186785435556598], [-0.1294471526850058, 0.99021955653803, 0.05204483174508459, -0.8810280427965376], [-0.8323950801615233, -0.13703808681378069, 0.536972060060214, 2.4883899126390565], [0.0, 0.0, 0.0, 1.0]], "3": [[0.285768157889081, -0.022118583478029242, 0.9580434897235125, 0.4873915559242092], [-0.13737228473822982, 0.9884628648144634, 0.06379671048401792, -0.5649376965682303], [-0.9484015053354141, -0.14983969149630672, 0.2794327316722431, 2.5262648941696826], [0.0, 0.0, 0.0, 1.0]]}, "object_id": "24"}, "0075": {"mocap_lag": 36, "mocap_len": 1562, "video_len": 1597, "matrix": {"0": [[-0.14248963379869276, -0.023793530121418528, 0.9895102688624693, 0.1957205728338753], [-0.17271846314477532, 0.9849705189705931, -0.0011871173942302588, -0.5957906385898813], [-0.9746101973347195, -0.171075844826679, -0.1444576705059888, 2.5253313327671987], [0.0, 0.0, 0.0, 1.0]], "1": [[-0.9174455400888454, -0.013882355539319961, 0.39761911570718855, 0.8421585696021087], [-0.08669335161916142, 0.9823525119899695, -0.16573413942828039, -1.0416993320891588], [-0.3883013568816406, -0.1865229808674421, -0.9024584388503443, 1.4330755920048677], [0.0, 0.0, 0.0, 1.0]], "2": [[0.6836525015085159, 0.009279723326082975, 0.7297486854500943, 0.9849927831065054], [-0.16151564360239629, 0.9770479151356624, 0.13888869068703746, -0.7675254621392538], [-0.7117105830693069, -0.21281742941791043, 0.6694600717616397, 2.6729068715751256], [0.0, 0.0, 0.0, 1.0]], "3": [[0.3482394054241776, -0.04114276094518792, 0.936502316992127, 0.3566589037424996], [-0.14418613871446076, 0.9847967202518689, 0.09688022080784935, -0.4917276952627422], [-0.9262503300471367, -0.16876816347572915, 0.3370128084874526, 2.7411935272401395], [0.0, 0.0, 0.0, 1.0]]}, "object_id": "24"}, "0076": {"mocap_lag": 53, "mocap_len": 1411, "video_len": 1468, "matrix": {"0": [[-0.07036897358916534, 0.03393963934547541, 0.9969434830706837, 0.3057933911994769], [-0.08919267250320238, 0.9952037740863152, -0.040176052768912014, -0.6939646391740261], [-0.993525477644003, -0.09174720118593781, -0.06700430095749953, 2.2898532805624514], [0.0, 0.0, 0.0, 1.0]], "1": [[-0.8649547067421032, 0.04085731852181554, 0.5001840009515404, 0.7387383401727903], [-0.05177855799140901, 0.984095814598044, -0.1699247145736679, -1.0364483078421447], [-0.4991716500533797, -0.17287598796194706, -0.8490827736853264, 1.3152928488307836], [0.0, 0.0, 0.0, 1.0]], "2": [[0.6045034505418739, 0.017953107952601556, 0.7964001909830323, 0.9663164510067652], [-0.12437918310692525, 0.9896116928865958, 0.07210073586156344, -0.8421530537090839], [-0.7868325089195424, -0.14264074879559188, 0.6004566759479075, 2.5476847254304977], [0.0, 0.0, 0.0, 1.0]], "3": [[0.3032412407352762, -0.041860181359520514, 0.9519939470048528, 0.46144535957720834], [-0.10626358270447264, 0.99131803597121, 0.07743773336683075, -0.5357843566424674], [-0.9469703273641363, -0.12464460186759273, 0.29616029834724555, 2.516063977091921], [0.0, 0.0, 0.0, 1.0]]}, "object_id": "24"}, "0077": {"mocap_lag": 69, "mocap_len": 1478, "video_len": 1553, "matrix": {"0": [[-0.1529078765200969, -0.004517041651811103, 0.9882301238238141, 0.2972519905935692], [-0.13733261619460832, 0.9903838205608755, -0.016722454974930502, -0.6987336974337233], [-0.9786515896003336, -0.13827322338746556, -0.1520578240893277, 2.2677575754252066], [0.0, 0.0, 0.0, 1.0]], "1": [[-0.8750444232689524, 0.04791803593690907, 0.48166494489204353, 0.7527885462074168], [-0.05309359257589967, 0.9795818463251943, -0.19390842368888364, -1.089612139900747], [-0.4811219468422644, -0.19525180711602214, -0.854633491085294, 1.3399538570919214], [0.0, 0.0, 0.0, 1.0]], "2": [[0.5716821960899858, -0.03769927649091622, 0.8196085841581903, 1.0423810183366584], [-0.07999963557878947, 0.9916227826099501, 0.10141161331997746, -0.835233130477584], [-0.8165656893238855, -0.12354360186169669, 0.563877161674461, 2.511711509346666], [0.0, 0.0, 0.0, 1.0]], "3": [[0.2990497748912345, -0.03179118429417282, 0.9537077921138504, 0.46449431871445573], [-0.09190918183144256, 0.9938385639072959, 0.06194845587872699, -0.5716967098732655], [-0.9498009972792074, -0.10618017466484846, 0.29428529707677453, 2.508973089506864], [0.0, 0.0, 0.0, 1.0]]}, "object_id": "24"}, "0078": {"mocap_lag": 58, "mocap_len": 1420, "video_len": 1494, "matrix": {"0": [[-0.13018083326358923, 0.021218503124969094, 0.9912631970248529, 0.3032020151110304], [-0.055177417233682476, 0.9980665773228528, -0.02861048511413125, -0.7051282290478736], [-0.989953737948505, -0.05841987980286742, -0.12875835648842704, 2.2312543800998674], [0.0, 0.0, 0.0, 1.0]], "1": [[-0.8473740069323449, 0.08475449714175871, 0.5241888663350927, 0.724392197420271], [-0.03273961242981913, 0.9769620196988893, -0.21088700729018836, -1.1128627994427707], [-0.5299862358150139, -0.1958619087012949, -0.8250773918648586, 1.3858169623987227], [0.0, 0.0, 0.0, 1.0]], "2": [[0.37482356597200084, -0.043417201570930375, 0.926078960456279, 1.0338216564365685], [-0.05562607472849088, 0.9960499263294698, 0.06921187809442805, -0.8443352515308697], [-0.9254258664000772, -0.07745638041379717, 0.37092785677387413, 2.3196161774638657], [0.0, 0.0, 0.0, 1.0]], "3": [[0.29857586226385724, -0.053176628642199734, 0.9529033007811679, 0.48309348557030063], [-0.08269045756134306, 0.99325044473959, 0.08133782793327403, -0.5691539023204549], [-0.9507968987652887, -0.10308152206315548, 0.29216340822808906, 2.4979667919348296], [0.0, 0.0, 0.0, 1.0]]}, "object_id": "24"}, "0079": {"mocap_lag": 38, "mocap_len": 1642, "video_len": 1702, "matrix": {"0": [[-0.09126694805117316, 0.024227323224925806, 0.9955317076832761, 0.3375338251063261], [-0.12015483079136097, 0.9921323462055155, -0.035159980805446016, -0.7090286010878827], [-0.9885510410853466, -0.1228268880257696, -0.08763786137840893, 2.309376780225623], [0.0, 0.0, 0.0, 1.0]], "1": [[-0.8278212846307827, 0.08738028251928881, 0.5541449331529528, 0.8521369399289416], [0.04999666900920942, 0.9953557023701103, -0.08226395837357464, -0.947863572930121], [-0.5587595670771328, -0.04039445489364653, -0.8283453592636472, 1.1741812747468237], [0.0, 0.0, 0.0, 1.0]], "2": [[0.6058626065549887, -0.010671497289530192, 0.7954977191192916, 1.0492364583238138], [-0.10273799677304175, 0.9904879747346317, 0.09153401512635458, -0.8599874134250143], [-0.7889077297108061, -0.1371848790927367, 0.5990032578800001, 2.506796411302608], [0.0, 0.0, 0.0, 1.0]], "3": [[0.1835280056804629, -0.0009579643915816634, 0.9830140148722075, 0.7781537995256541], [-0.08918449998820129, 0.995859236811791, 0.017621163936904206, -0.5934950037286634], [-0.978960467073521, -0.09090359047288041, 0.18268262409526628, 2.439836140694298], [0.0, 0.0, 0.0, 1.0]]}, "object_id": "24"}, "0080": {"mocap_lag": 34, "mocap_len": 1579, "video_len": 1629, "matrix": {"0": [[-0.10851275707091966, 0.05111004137696965, 0.9927803106545334, 0.2809583721129502], [-0.07796435206639209, 0.9951637914340857, -0.05975439754029652, -0.7178436249230801], [-0.9910330677428149, -0.08388558808866156, -0.10400320548562067, 2.2228269036104202], [0.0, 0.0, 0.0, 1.0]], "1": [[-0.8320949835447143, 0.09249349851585202, 0.5468664289312519, 0.7179570915536725], [-0.03458116373385837, 0.9754263443254838, -0.21759501352428656, -1.0855866848274889], [-0.5535540456672084, -0.1999709967173252, -0.8084488351141, 1.2986265329154942], [0.0, 0.0, 0.0, 1.0]], "2": [[0.5480696858073754, 0.010112652699557653, 0.8363715404976328, 0.6184769940061154], [-0.04147222346651446, 0.9990255898565836, 0.015097201477375229, -0.8781997223894816], [-0.8354038988296311, -0.04296050589882646, 0.547955035338821, 2.358799530143352], [0.0, 0.0, 0.0, 1.0]], "3": [[0.26253290718375516, -0.022285555807159817, 0.9646656553687458, 0.7894796039837757], [-0.11791980679690485, 0.991498978439375, 0.054997226463308256, -0.5735161349546661], [-0.9576906555932487, -0.1281917694551477, 0.25767320084427037, 2.5246449274331573], [0.0, 0.0, 0.0, 1.0]]}, "object_id": "24"}, "0081": {"mocap_lag": 117, "mocap_len": 1626, "video_len": 1765, "matrix": {"0": [[-0.1016568869804415, -0.026639981628684476, 0.9944627638621113, 0.3797957975729369], [-0.18129974211265348, 0.983396867355789, 0.0078105559793607135, -0.6980484567024495], [-0.9781596397517793, -0.17950184582238882, -0.10479888600087406, 2.3200224271694707], [0.0, 0.0, 0.0, 1.0]], "1": [[-0.8946126725201341, 0.04586421363066008, 0.44448244068177173, 0.7292448648227019], [-0.03348535185095336, 0.985040509521186, -0.1690382377264368, -1.0715705200758903], [-0.44558601568922845, -0.16610740052834125, -0.8796939434325531, 1.3042803392703628], [0.0, 0.0, 0.0, 1.0]], "2": [[0.6006682427297299, -0.024846309785836268, 0.799112209308558, 1.0633937997005476], [-0.07170754872288383, 0.9938143252447409, 0.08480043864565451, -0.847833104560811], [-0.7962761390573833, -0.10823930814804053, 0.5951710363748396, 2.5187669406567914], [0.0, 0.0, 0.0, 1.0]], "3": [[0.11755833938709141, -0.05080666291934896, 0.991765456064865, 0.7944845373904712], [-0.15892290262027986, 0.9848565018207355, 0.06929056100342469, -0.576229070904754], [-0.9802670798630827, -0.16575992828311648, 0.10770375254503227, 2.4034879478841806], [0.0, 0.0, 0.0, 1.0]]}, "object_id": "24"}, "0082": {"mocap_lag": 38, "mocap_len": 1692, "video_len": 1749, "matrix": {"0": [[-0.07309248233535665, 0.021551094854039107, 0.9970922922862493, 0.2771756222370592], [-0.10307204235654174, 0.9942497260877781, -0.029045417174301674, -0.7368982430019662], [-0.9919846990304367, -0.10489534062564537, -0.07045086517937908, 2.2772684741814393], [0.0, 0.0, 0.0, 1.0]], "1": [[-0.8468528385488571, -0.05900677949036785, 0.5285437255477718, 0.8029627271583829], [-0.17565930533743881, 0.9690846654413213, -0.17325911131842706, -1.0334221910840646], [-0.5019801572673086, -0.23956859389464538, -0.8310371896186302, 1.4123456452709848], [0.0, 0.0, 0.0, 1.0]], "2": [[0.5539528053173219, 0.06812737490061163, 0.8297559582613556, 0.9922307812688465], [-0.20071235614580388, 0.9781782040367488, 0.05368380796702685, -0.849750821647258], [-0.807991856129422, -0.19628056943210698, 0.5555385661607475, 2.540983841332412], [0.0, 0.0, 0.0, 1.0]], "3": [[0.2095543537432188, -0.0077947798903103575, 0.977765930186628, 0.7557764545092064], [-0.11770440724776651, 0.9924955961130498, 0.03313856078126339, -0.6352084419152382], [-0.97068668752678, -0.12203168892817626, 0.20706429328984546, 2.46864589185062], [0.0, 0.0, 0.0, 1.0]]}, "object_id": "24"}, "0083": {"mocap_lag": 46, "mocap_len": 1483, "video_len": 1541, "matrix": {"0": [[-0.03486206449164768, 0.0238809405279083, 0.9991067696392026, 0.28068719530219677], [-0.11673710023646572, 0.9927736138074655, -0.027802898338939057, -0.7204251958488843], [-0.9925507976359503, -0.11760209354924968, -0.03182234600201429, 2.3092362432800835], [0.0, 0.0, 0.0, 1.0]], "1": [[-0.8162307425258701, 0.0023214282507927086, 0.5777213739568094, 0.7930319110115864], [-0.11426569366883399, 0.9795887651050285, -0.16537594302190856, -1.054033072991118], [-0.566313275675264, -0.2009986623111748, -0.799305205502298, 1.4293781968325714], [0.0, 0.0, 0.0, 1.0]], "2": [[0.5998793924913148, 0.0203639527366284, 0.7998312471347886, 0.9446501729478356], [-0.175365874062086, 0.9787143021022097, 0.10660734062447998, -0.8197029583649208], [-0.7806353339932104, -0.20421465248488807, 0.5906816833386531, 2.5721601846812754], [0.0, 0.0, 0.0, 1.0]], "3": [[0.25349107051587233, -0.019767963680671036, 0.9671357220062945, 0.7390062783499547], [-0.16173506037399074, 0.9848516718386355, 0.06252163403546837, -0.5680073757009398], [-0.9537211581036349, -0.17226843033058378, 0.24645393179435798, 2.545839996910385], [0.0, 0.0, 0.0, 1.0]]}, "object_id": "24"}, "0084": {"mocap_lag": 53, "mocap_len": 1466, "video_len": 1538, "matrix": {"0": [[0.045355525539348386, -0.0031868265448554618, 0.9989658254613234, 0.21856858773960625], [-0.12891256951209906, 0.991614973300818, 0.009016326713559886, -0.6730411670852571], [-0.990618203812568, -0.12918819165152204, 0.04456439624825896, 2.3752654480540243], [0.0, 0.0, 0.0, 1.0]], "1": [[-0.9027085811488273, -0.05294102537324513, 0.42698298016747777, 0.7269018264661403], [-0.16073181739111345, 0.962045771141403, -0.22052940191070425, -1.0734113639799225], [-0.39910211775737436, -0.26770353389780366, -0.8769562802900758, 1.4267375186740388], [0.0, 0.0, 0.0, 1.0]], "2": [[0.7065823496181277, 0.1412493806742836, 0.6933902189007698, 0.8087272689216894], [-0.21855442796586091, 0.9755298517031158, 0.023988965225947515, -0.8660507947954674], [-0.673034430935477, -0.16849368206323853, 0.7201628523328115, 2.6529954414928905], [0.0, 0.0, 0.0, 1.0]], "3": [[0.27593067365689, 0.014994356168231611, 0.9610605769764746, 0.6931643936155678], [-0.2606979472680242, 0.9635655981377999, 0.05981570341960719, -0.5513453160119313], [-0.9251480117394693, -0.267051506957823, 0.26978630248043095, 2.576334503083149], [0.0, 0.0, 0.0, 1.0]]}, "object_id": "24"}, "0085": {"mocap_lag": 96, "mocap_len": 1125, "video_len": 1240, "matrix": {"0": [[-0.11872877049148618, -0.010803316284390256, 0.9928679506434078, 0.3208445326069663], [-0.06175485172357105, 0.998085297107279, 0.0034753398215639593, -0.6989648493045031], [-0.9910044487015083, -0.06090179024901504, -0.11916859736644216, 2.200196366583346], [0.0, 0.0, 0.0, 1.0]], "1": [[-0.9072713646685538, 0.07348928312171278, 0.4140748677699679, 0.6430312111652261], [0.02074437303930727, 0.9912352013660222, -0.13047009833700357, -1.0515721753273273], [-0.4200337389301789, -0.10978206064343149, -0.9008438029543279, 1.2305058546654375], [0.0, 0.0, 0.0, 1.0]], "2": [[0.707710221467179, -0.00909583963443598, 0.7064442710732532, 0.8345601044974519], [-0.051776464881574405, 0.9965606075750632, 0.06470048774149655, -0.9185422230666352], [-0.7046030372594505, -0.08236638350058284, 0.7048051778710137, 2.532307801867271], [0.0, 0.0, 0.0, 1.0]], "3": [[0.11617684245704377, -0.030936182583533627, 0.99274664133598, 0.7496845564042056], [-0.0894293976317017, 0.9951292012952686, 0.04147596374614956, -0.6343050543914904], [-0.9891942802685135, -0.09359928064146217, 0.11284436426981428, 2.3235715656624287], [0.0, 0.0, 0.0, 1.0]]}, "object_id": "24"}, "0086": {"mocap_lag": 35, "mocap_len": 1286, "video_len": 1333, "matrix": {"0": [[-0.19477293472764165, -0.03211365277977138, 0.980322506730679, 0.35944988239850034], [-0.0817048067635417, 0.9965214518972432, 0.016410985965001186, -0.6653977248997363], [-0.977439424439855, -0.07690064508020339, -0.196719247499919, 2.1599182793456597], [0.0, 0.0, 0.0, 1.0]], "1": [[-0.8835461735725334, 0.08159875482108199, 0.4611808781562645, 0.7128690576491962], [0.01774881993903317, 0.9898317468484656, -0.141131471761925, -1.0597827230018493], [-0.4680076266003644, -0.11651075548018829, -0.8760103340151472, 1.2484972304856314], [0.0, 0.0, 0.0, 1.0]], "2": [[0.5659093230969423, 0.020662770868691487, 0.8242085221180305, 1.000033936786108], [-0.08673086724723478, 0.9956311033301642, 0.034589922637996505, -0.9094671396491221], [-0.8198929166046646, -0.09105907962190295, 0.5652290237770072, 2.4800943138606257], [0.0, 0.0, 0.0, 1.0]], "3": [[0.24219909535558146, 0.011582878028237563, 0.9701574280216178, 0.717711240736191], [-0.08833829956222006, 0.9960386962442728, 0.010161713165791317, -0.6341157137557183], [-0.9661966378741923, -0.0881632152351044, 0.2422628829185667, 2.518980589996098], [0.0, 0.0, 0.0, 1.0]]}, "object_id": "24"}, "0087": {"mocap_lag": 79, "mocap_len": 1398, "video_len": 1509, "matrix": {"0": [[-0.1419871967555205, -0.002948572007861521, 0.9898641027336147, 0.3518784581874391], [-0.15590745437321005, 0.9875807109565062, -0.019421766590807008, -0.721945912928941], [-0.9775134278506735, -0.15708483462688813, -0.1406835210743203, 2.2610998743634627], [0.0, 0.0, 0.0, 1.0]], "1": [[-0.8771161679404079, 0.014448885119880473, 0.480060889529992, 0.7479399822328557], [-0.09871987516179734, 